0.84182005	-0.19319150	0.50400005	1.33176610
0.13670658	0.97961903	0.14716612	19.81118389
-0.52215928	-0.05498726	0.85107349	-11.19374942
0.81739357	0.52329856	0.24088665	4.90970783
-0.57129771	0.79010501	0.22215536	-3.16440635
-0.07407217	-0.31920635	0.94478602	-0.36647314
0.99572364	-0.07775145	0.04989124	-0.21906273
0.08103936	0.99441145	-0.06766456	-0.88655378
-0.04435140	0.07141836	0.99645992	0.83740561
0.99683823	-0.07945176	0.00098277	-1.04012479
0.07945761	0.99672932	-0.01473613	0.09323869
0.00019125	0.01476762	0.99989093	0.28887708
0.78028489
0.88373396
1.48128298
1.87003475
