0.84300934	-0.26523289	0.46796022	1.08403448
0.22503282	0.96408852	0.14104450	21.96140131
-0.48856472	-0.01359542	0.87242173	-10.72610701
0.83287687	0.49199779	-0.25348431	-4.63402890
-0.55233836	0.70976719	-0.43721032	2.67343787
-0.03519166	0.50415148	0.86289793	-0.96004034
0.99893459	0.03505174	0.03001772	0.18442803
-0.03590507	0.99895225	0.02837651	-0.03008023
-0.02899163	-0.02942407	0.99914649	-0.01130012
0.99944754	-0.03299281	-0.00401229	-0.02468711
0.03318633	0.99724853	0.06628760	0.33423627
0.00181423	-0.06638413	0.99779249	2.17057001
0.54310259
0.35823112
0.95672045
0.93938727
