0.85502650	-0.16859804	0.49041247	2.65251778
0.10307737	0.98205934	0.15790667	19.94949293
-0.50823690	-0.08446396	0.85706540	-12.08076489
0.83815598	0.47708887	0.26434969	4.49836194
-0.54515089	0.71724034	0.43402396	-2.61663021
0.01746574	-0.50789024	0.86124471	-0.99942134
0.99891890	-0.03537062	0.03016555	-0.18460293
0.03622369	0.99894523	-0.02821819	-0.03199706
-0.02913563	0.02928039	0.99914652	0.01222433
0.98756449	-0.07888009	0.13599380	-3.94633159
0.08675887	0.99481815	-0.05300709	1.20858601
-0.13110790	0.06414659	0.98929062	1.83390702
0.53655798
0.35796808
0.95672045
0.93937574
