0.84354584	-0.17655963	0.50720519	1.39153810
0.12374269	0.98290184	0.13635142	19.42187960
-0.52260708	-0.05225573	0.85097073	-11.32820726
0.92100929	-0.34238415	0.18578207	3.49953198
0.35204514	0.93575363	-0.02072125	2.04856655
-0.16675161	0.08448814	0.98237246	0.36550678
0.99750063	0.02975398	-0.06408733	0.18833290
-0.03216849	0.99879816	-0.03697877	-0.52043449
0.06291004	0.03894794	0.99725894	0.84363027
0.99888667	-0.04568766	0.01175000	-1.05162695
0.04617828	0.99789321	-0.04557098	0.23399529
-0.00964321	0.04606284	0.99889200	0.93823897
0.73006822
1.35431727
1.51501863
1.40704861
