0.90934065	-0.13254701	0.39437403	6.57511447
0.02149584	0.96159683	0.27362284	13.90553240
-0.41549671	-0.24033897	0.87726830	-14.35013471
0.99967425	0.02485104	0.00581536	0.19616954
-0.02471620	0.99944772	-0.02221199	-0.04651595
-0.00636414	0.02206102	0.99973637	0.16995172
0.99976599	0.01605692	-0.01449632	-0.16645960
-0.01620727	0.99981545	-0.01031447	-0.26572627
0.01432803	0.01054700	0.99984172	0.12152772
0.98515877	-0.16192745	0.05693586	-2.99109046
0.16898094	0.97317476	-0.15612923	3.73019229
-0.03012694	0.16343316	0.98609430	2.86198577
0.51324265
0.16991965
0.93960315
1.03506792
