0.93454487	-0.03690498	-0.35392641	-32.56514861
0.02635836	0.99905446	-0.03457502	7.81157395
0.35486774	0.02298298	0.93463397	162.02866645
0.99583171	-0.06842526	-0.06030917	-0.44347666
0.07149782	0.99616905	0.05035163	-0.21001194
0.05663280	-0.05445372	0.99690898	0.15999841
0.99837464	0.03696425	0.04337879	0.20047514
-0.03901341	0.99811460	0.04738350	0.17419736
-0.04154551	-0.04899884	0.99793441	-0.72475624
0.99942344	0.01967047	-0.02767406	0.66245690
-0.01748487	0.99686887	0.07711503	-0.95569355
0.02910430	-0.07658669	0.99663806	-1.35592809
0.07036355
0.08989399
0.32658549
0.32895354
