0.93370184	-0.03510855	-0.35632606	-32.65736008
0.02558389	0.99917912	-0.03140944	7.96133029
0.35713630	0.02021085	0.93383360	161.90748250
0.99293775	-0.08444072	-0.08333300	-0.73477137
0.08565617	0.99626278	0.01111320	-0.41331500
0.08208316	-0.01817270	0.99645979	0.42117853
0.99455871	0.05708620	0.08714436	0.50537240
-0.06182466	0.99669586	0.05267896	-0.29383015
-0.08384918	-0.05777999	0.99480188	-0.44418521
0.99853658	-0.03825469	-0.03822677	-0.00944928
0.04063261	0.99715447	0.06349769	-0.74292818
0.03568891	-0.06495802	0.99724960	-1.02561002
0.07191600
0.08900737
0.33227421
0.32602678
