0.98347895	-0.07220759	-0.16599764	-13.68741467
0.05683272	0.99379806	-0.09557957	12.10193792
0.17186970	0.08456640	0.98148323	94.18171128
0.52932226	0.62822387	0.57022164	18.00633760
-0.44654094	0.77776318	-0.44236368	-7.64059793
-0.72140082	-0.02047436	0.69221504	-6.07953606
0.92596932	-0.16308573	0.34056404	1.26556520
-0.18143254	0.59882265	0.78006004	1.46340104
-0.33115412	-0.78410107	0.52490234	7.95468705
0.59859450	0.55052551	0.58189886	-17.13961374
-0.78653792	0.26627671	0.55718472	-36.16500230
0.15179829	-0.79121323	0.59240096	5.61835593
5.73567055
3.55625378
1.69951442
2.11529576
