0.93362509	-0.03744657	-0.35628913	-32.66403470
0.02933918	0.99917351	-0.02813395	7.99520359
0.35704818	0.01581333	0.93395211	161.88888393
0.99378062	-0.07767988	-0.07978669	-0.66013394
0.07939666	0.99667012	0.01857005	-0.35748099
0.07807849	-0.02478935	0.99663897	0.36068143
0.99461519	0.05694923	0.08658759	0.50465969
-0.06156611	0.99676739	0.05161776	-0.27520579
-0.08336810	-0.05667067	0.99490612	-0.45492126
0.99850198	-0.04143755	-0.03573123	-0.01986818
0.04367220	0.99698025	0.06421146	-0.75096251
0.03296256	-0.06567573	0.99729643	-1.05772093
0.07185659
0.08947243
0.33231664
0.32610364
