0.93219160	-0.03399993	-0.36036486	-14.18251742
0.02811672	0.99937217	-0.02155708	9.47587317
0.36087155	0.00996305	0.93256231	113.53008711
0.99959562	-0.02684457	0.00937854	-0.17277212
0.02657325	0.99925617	0.02794600	-0.16273922
-0.01012176	-0.02768548	0.99956544	0.28125215
0.99540126	0.04799964	0.08289969	0.35516967
-0.05479097	0.99515053	0.08169072	-0.11917783
-0.07857655	-0.08585720	0.99320404	-0.67051467
0.99852024	-0.03729279	-0.03958001	0.10797009
0.03961212	0.99744028	0.05952956	-0.77523615
0.03725867	-0.06100931	0.99744155	-1.01858253
0.07829732
0.07056793
0.29551011
0.30232594
