0.93465973	-0.02531032	-0.35464149	-14.06726337
0.01818775	0.99956064	-0.02340348	9.97898846
0.35507802	0.01542416	0.93470942	113.33620975
0.96229743	-0.19765431	-0.18685938	-1.56415096
0.22988669	0.95819610	0.17033010	-1.10759369
0.14538145	-0.20686470	0.96750774	0.34544661
0.99116504	0.06889731	0.11333591	0.46628662
-0.08141905	0.99060833	0.10984572	-0.34030207
-0.10470342	-0.11810294	0.98746589	-0.80900455
0.99715246	-0.05099448	-0.05555660	0.02345754
0.05345543	0.99761143	0.04374883	-0.83879977
0.05319295	-0.04659405	0.99749662	-0.94864928
0.19477196
0.03944339
0.30450096
0.29857744
